%%MatrixMarket matrix coordinate real general
6 503 978                                         
1 1 0.012331473655223099
1 2 0.012331473655223099
1 3 0.012331473655223099
1 4 0.012331473655223099
1 5 0.02742397765064391
1 6 0.02742397765064391
1 7 0.024662947310446198
1 8 0.12118717654573531
1 9 0.012331473655223099
1 10 0.046881599447545705
1 11 0.12118717654573531
1 12 0.02742397765064391
1 13 0.012331473655223099
1 14 0.07430557709818962
1 15 0.046881599447545705
1 16 0.02742397765064391
1 17 0.046881599447545705
1 18 0.012331473655223099
1 19 0.046881599447545705
1 20 0.02742397765064391
1 21 0.12118717654573531
1 22 0.012331473655223099
1 23 0.046881599447545705
1 24 0.02742397765064391
1 25 0.02742397765064391
1 26 0.046881599447545705
1 27 0.046881599447545705
1 28 0.012331473655223099
1 29 0.02742397765064391
1 30 0.012331473655223099
1 31 0.02742397765064391
1 32 0.05484795530128782
1 33 0.012331473655223099
1 34 0.12118717654573531
1 35 0.012331473655223099
1 36 0.05484795530128782
1 37 0.24237435309147062
1 38 0.07430557709818962
1 39 0.012331473655223099
1 40 0.07430557709818962
1 41 0.14861115419637924
1 42 0.12118717654573531
1 43 0.012331473655223099
1 44 0.012331473655223099
1 45 0.09376319889509141
1 46 0.07430557709818962
1 47 0.012331473655223099
1 48 0.12118717654573531
1 49 0.02742397765064391
1 50 0.046881599447545705
1 51 0.12118717654573531
1 52 0.012331473655223099
1 53 0.02742397765064391
1 54 0.046881599447545705
1 55 0.012331473655223099
1 56 0.012331473655223099
1 57 0.07430557709818962
1 58 0.046881599447545705
1 59 0.12118717654573531
1 60 0.07430557709818962
1 61 0.012331473655223099
1 62 0.012331473655223099
1 63 0.012331473655223099
1 64 0.12118717654573531
1 65 0.02742397765064391
1 66 0.012331473655223099
1 67 0.07430557709818962
1 68 0.12118717654573531
1 69 0.07430557709818962
1 70 0.12118717654573531
1 71 0.07430557709818962
1 72 0.07430557709818962
1 73 0.12118717654573531
1 74 0.02742397765064391
1 75 0.02742397765064391
1 76 0.12118717654573531
1 77 0.012331473655223099
1 78 0.02742397765064391
1 79 0.12118717654573531
1 80 0.012331473655223099
1 81 0.02742397765064391
1 82 0.02742397765064391
1 83 0.012331473655223099
1 84 0.12118717654573531
1 85 0.046881599447545705
1 86 0.02742397765064391
1 87 0.07430557709818962
1 88 0.046881599447545705
1 89 0.046881599447545705
1 90 0.046881599447545705
1 91 0.024662947310446198
1 92 0.024662947310446198
1 93 0.02742397765064391
1 94 0.02742397765064391
1 95 0.12118717654573531
1 96 0.12118717654573531
1 97 0.024662947310446198
1 98 0.07430557709818962
1 99 0.07430557709818962
1 100 0.02742397765064391
1 102 0.046881599447545705
1 104 0.012331473655223099
1 105 0.046881599447545705
1 106 0.12118717654573531
1 107 0.046881599447545705
1 108 0.046881599447545705
1 109 0.02742397765064391
1 111 0.07430557709818962
1 112 0.05484795530128782
1 113 0.24237435309147062
1 114 0.02742397765064391
1 115 0.12118717654573531
1 116 0.12118717654573531
1 117 0.12118717654573531
1 118 0.12118717654573531
1 119 0.12118717654573531
1 120 0.02742397765064391
1 121 0.046881599447545705
1 122 0.012331473655223099
1 123 0.12118717654573531
1 124 0.12118717654573531
1 125 0.14861115419637924
1 126 0.012331473655223099
1 127 0.12118717654573531
1 128 0.12118717654573531
1 129 0.08227193295193173
1 130 0.046881599447545705
1 131 0.12118717654573531
1 132 0.046881599447545705
1 133 0.07430557709818962
1 134 0.02742397765064391
1 135 0.012331473655223099
1 137 0.07430557709818962
1 138 0.12118717654573531
1 139 0.12118717654573531
1 140 0.046881599447545705
1 141 0.0369944209656693
1 143 0.12118717654573531
1 144 0.02742397765064391
1 145 0.02742397765064391
1 146 0.046881599447545705
1 147 0.07430557709818962
1 148 0.046881599447545705
1 149 0.07430557709818962
1 150 0.07430557709818962
1 151 0.07430557709818962
1 152 0.02742397765064391
1 153 0.02742397765064391
1 154 0.24237435309147062
1 155 0.02742397765064391
1 156 0.046881599447545705
1 157 0.09376319889509141
1 158 0.07430557709818962
1 159 0.046881599447545705
1 160 0.024662947310446198
1 161 0.12118717654573531
1 162 0.02742397765064391
1 163 0.12118717654573531
1 164 0.046881599447545705
1 165 0.0616573682761155
1 166 0.046881599447545705
1 167 0.02742397765064391
1 168 0.02742397765064391
1 169 0.12118717654573531
1 170 0.012331473655223099
1 171 0.12118717654573531
1 172 0.02742397765064391
1 173 0.012331473655223099
1 174 0.012331473655223099
1 175 0.02742397765064391
1 176 0.07430557709818962
1 177 0.05484795530128782
1 178 0.02742397765064391
1 179 0.02742397765064391
1 180 0.02742397765064391
1 181 0.02742397765064391
1 182 0.02742397765064391
1 183 0.02742397765064391
1 184 0.02742397765064391
1 185 0.02742397765064391
1 186 0.024662947310446198
2 1 0.009942846177824597
2 2 0.009942846177824597
2 3 0.009942846177824597
2 4 0.009942846177824597
2 6 0.022111906410225292
2 7 0.009942846177824597
2 13 0.009942846177824597
2 16 0.022111906410225292
2 17 0.037800553681586746
2 18 0.009942846177824597
2 22 0.009942846177824597
2 26 0.11340166104476024
2 28 0.009942846177824597
2 30 0.009942846177824597
2 32 0.022111906410225292
2 33 0.009942846177824597
2 35 0.009942846177824597
2 39 0.009942846177824597
2 43 0.009942846177824597
2 44 0.009942846177824597
2 47 0.009942846177824597
2 49 0.022111906410225292
2 52 0.009942846177824597
2 55 0.009942846177824597
2 56 0.009942846177824597
2 61 0.009942846177824597
2 62 0.009942846177824597
2 63 0.009942846177824597
2 65 0.022111906410225292
2 66 0.009942846177824597
2 67 0.059912460091812045
2 77 0.009942846177824597
2 80 0.009942846177824597
2 81 0.022111906410225292
2 83 0.009942846177824597
2 85 0.037800553681586746
2 91 0.009942846177824597
2 92 0.009942846177824597
2 97 0.009942846177824597
2 104 0.009942846177824597
2 108 0.037800553681586746
2 111 0.059912460091812045
2 112 0.022111906410225292
2 122 0.009942846177824597
2 126 0.009942846177824597
2 129 0.022111906410225292
2 135 0.009942846177824597
2 153 0.11055953205112645
2 156 0.037800553681586746
2 157 0.07560110736317349
2 158 0.059912460091812045
2 160 0.019885692355649194
2 165 0.029828538533473788
2 167 0.022111906410225292
2 170 0.009942846177824597
2 173 0.009942846177824597
2 174 0.009942846177824597
2 186 0.009942846177824597
2 187 0.09771301377339878
2 188 0.09771301377339878
2 189 0.07560110736317349
2 190 0.09771301377339878
2 191 0.09771301377339878
2 192 0.09771301377339878
2 193 0.059912460091812045
2 194 0.037800553681586746
2 195 0.059912460091812045
2 196 0.07560110736317349
2 197 0.022111906410225292
2 198 0.09771301377339878
2 199 0.059912460091812045
2 200 0.09771301377339878
2 201 0.09771301377339878
2 202 0.09771301377339878
2 203 0.09771301377339878
2 204 0.09771301377339878
2 205 0.09771301377339878
2 206 0.059912460091812045
2 207 0.09771301377339878
2 208 0.11982492018362409
2 209 0.11055953205112645
2 210 0.059912460091812045
2 211 0.07560110736317349
2 212 0.09771301377339878
2 213 0.09771301377339878
2 214 0.059912460091812045
2 215 0.09771301377339878
2 216 0.09771301377339878
2 217 0.059912460091812045
2 218 0.2646038757711072
2 219 0.09771301377339878
2 220 0.09771301377339878
2 221 0.09771301377339878
2 222 0.09771301377339878
2 223 0.059912460091812045
2 224 0.09771301377339878
2 225 0.09771301377339878
2 226 0.09771301377339878
2 227 0.09771301377339878
2 228 0.09771301377339878
2 229 0.037800553681586746
2 230 0.09771301377339878
2 231 0.09771301377339878
2 232 0.09771301377339878
2 233 0.09771301377339878
2 234 0.09771301377339878
2 235 0.059912460091812045
2 236 0.09771301377339878
2 237 0.059912460091812045
2 238 0.09771301377339878
2 239 0.09771301377339878
2 240 0.09771301377339878
2 241 0.09771301377339878
2 242 0.059912460091812045
2 243 0.07560110736317349
2 244 0.09771301377339878
2 245 0.022111906410225292
2 246 0.09771301377339878
2 247 0.09771301377339878
2 248 0.3908520550935951
2 249 0.09771301377339878
2 250 0.059912460091812045
2 251 0.09771301377339878
2 252 0.022111906410225292
2 253 0.037800553681586746
2 254 0.09771301377339878
2 255 0.09771301377339878
2 256 0.09771301377339878
2 257 0.09771301377339878
2 258 0.19542602754679755
2 259 0.09771301377339878
2 260 0.044223812820450584
2 261 0.09771301377339878
2 262 0.09771301377339878
2 263 0.09771301377339878
2 264 0.19542602754679755
2 265 0.09771301377339878
2 266 0.07560110736317349
2 267 0.09771301377339878
2 268 0.09771301377339878
2 269 0.09771301377339878
2 270 0.09771301377339878
2 271 0.059912460091812045
2 272 0.09771301377339878
2 273 0.09771301377339878
3 1 0.016838758114870303
3 2 0.016838758114870303
3 3 0.016838758114870303
3 4 0.016838758114870303
3 5 0.03744773245419932
3 6 0.03744773245419932
3 7 0.033677516229740606
3 9 0.016838758114870303
3 12 0.03744773245419932
3 13 0.016838758114870303
3 14 0.10146505392016139
3 15 0.06401732146596206
3 16 0.03744773245419932
3 18 0.016838758114870303
3 19 0.06401732146596206
3 20 0.03744773245419932
3 22 0.016838758114870303
3 23 0.06401732146596206
3 24 0.03744773245419932
3 25 0.03744773245419932
3 27 0.06401732146596206
3 28 0.016838758114870303
3 29 0.03744773245419932
3 30 0.016838758114870303
3 31 0.03744773245419932
3 32 0.07489546490839864
3 33 0.016838758114870303
3 35 0.016838758114870303
3 36 0.07489546490839864
3 38 0.10146505392016139
3 39 0.016838758114870303
3 41 0.20293010784032278
3 43 0.016838758114870303
3 44 0.016838758114870303
3 45 0.12803464293192413
3 46 0.10146505392016139
3 47 0.016838758114870303
3 49 0.03744773245419932
3 50 0.06401732146596206
3 52 0.016838758114870303
3 53 0.03744773245419932
3 54 0.06401732146596206
3 55 0.033677516229740606
3 56 0.016838758114870303
3 57 0.10146505392016139
3 58 0.06401732146596206
3 60 0.10146505392016139
3 61 0.016838758114870303
3 62 0.016838758114870303
3 63 0.016838758114870303
3 65 0.03744773245419932
3 66 0.016838758114870303
3 74 0.03744773245419932
3 75 0.03744773245419932
3 77 0.016838758114870303
3 78 0.03744773245419932
3 80 0.033677516229740606
3 81 0.03744773245419932
3 82 0.03744773245419932
3 83 0.016838758114870303
3 86 0.03744773245419932
3 87 0.10146505392016139
3 88 0.06401732146596206
3 90 0.06401732146596206
3 91 0.016838758114870303
3 92 0.033677516229740606
3 93 0.03744773245419932
3 94 0.03744773245419932
3 97 0.033677516229740606
3 99 0.10146505392016139
3 100 0.03744773245419932
3 102 0.06401732146596206
3 104 0.016838758114870303
3 105 0.06401732146596206
3 107 0.06401732146596206
3 109 0.03744773245419932
3 114 0.03744773245419932
3 120 0.03744773245419932
3 121 0.06401732146596206
3 122 0.016838758114870303
3 125 0.10146505392016139
3 126 0.016838758114870303
3 129 0.11234319736259797
3 130 0.06401732146596206
3 132 0.06401732146596206
3 133 0.10146505392016139
3 134 0.03744773245419932
3 135 0.016838758114870303
3 137 0.10146505392016139
3 140 0.06401732146596206
3 141 0.016838758114870303
3 144 0.03744773245419932
3 145 0.03744773245419932
3 146 0.06401732146596206
3 147 0.10146505392016139
3 148 0.06401732146596206
3 149 0.10146505392016139
3 150 0.10146505392016139
3 151 0.10146505392016139
3 152 0.03744773245419932
3 153 0.03744773245419932
3 155 0.03744773245419932
3 159 0.06401732146596206
3 160 0.033677516229740606
3 162 0.03744773245419932
3 164 0.06401732146596206
3 165 0.08419379057435153
3 166 0.06401732146596206
3 167 0.03744773245419932
3 168 0.03744773245419932
3 170 0.016838758114870303
3 172 0.03744773245419932
3 173 0.016838758114870303
3 174 0.016838758114870303
3 175 0.03744773245419932
3 176 0.10146505392016139
3 177 0.07489546490839864
3 178 0.03744773245419932
3 179 0.03744773245419932
3 180 0.03744773245419932
3 181 0.03744773245419932
3 182 0.03744773245419932
3 183 0.03744773245419932
3 184 0.03744773245419932
3 185 0.03744773245419932
3 186 0.033677516229740606
3 197 0.03744773245419932
3 211 0.06401732146596206
3 237 0.10146505392016139
3 242 0.20293010784032278
3 245 0.03744773245419932
3 252 0.03744773245419932
3 260 0.03744773245419932
3 274 0.06401732146596206
3 275 0.10146505392016139
3 276 0.16548237538612345
3 277 0.10146505392016139
3 278 0.06401732146596206
3 279 0.10146505392016139
3 280 0.06401732146596206
3 281 0.16548237538612345
3 282 0.20293010784032278
3 283 0.06401732146596206
3 284 0.16548237538612345
3 285 0.16548237538612345
3 286 0.16548237538612345
3 287 0.06401732146596206
3 288 0.06401732146596206
3 289 0.06401732146596206
3 290 0.16548237538612345
3 291 0.10146505392016139
3 292 0.16548237538612345
3 293 0.16548237538612345
3 294 0.10146505392016139
3 295 0.10146505392016139
3 296 0.06401732146596206
3 297 0.16548237538612345
3 298 0.16548237538612345
3 299 0.16548237538612345
3 300 0.10146505392016139
3 301 0.06401732146596206
3 302 0.06401732146596206
3 303 0.16548237538612345
3 304 0.06401732146596206
3 305 0.06401732146596206
3 306 0.16548237538612345
3 307 0.06401732146596206
3 308 0.06401732146596206
4 1 0.01426852832245043
4 2 0.01426852832245043
4 3 0.01426852832245043
4 4 0.01426852832245043
4 5 0.031731795628231495
4 7 0.02853705664490086
4 9 0.01426852832245043
4 10 0.05424586292131847
4 12 0.031731795628231495
4 13 0.01426852832245043
4 18 0.01426852832245043
4 20 0.031731795628231495
4 22 0.01426852832245043
4 23 0.05424586292131847
4 24 0.031731795628231495
4 25 0.031731795628231495
4 27 0.05424586292131847
4 28 0.01426852832245043
4 29 0.031731795628231495
4 30 0.01426852832245043
4 31 0.031731795628231495
4 33 0.01426852832245043
4 35 0.01426852832245043
4 36 0.06346359125646299
4 39 0.01426852832245043
4 43 0.01426852832245043
4 44 0.01426852832245043
4 47 0.01426852832245043
4 50 0.05424586292131847
4 52 0.02853705664490086
4 53 0.031731795628231495
4 55 0.02853705664490086
4 56 0.01426852832245043
4 58 0.05424586292131847
4 61 0.01426852832245043
4 62 0.01426852832245043
4 63 0.01426852832245043
4 66 0.01426852832245043
4 69 0.08597765854954997
4 71 0.08597765854954997
4 74 0.031731795628231495
4 75 0.031731795628231495
4 77 0.01426852832245043
4 78 0.031731795628231495
4 80 0.01426852832245043
4 81 0.031731795628231495
4 82 0.031731795628231495
4 83 0.01426852832245043
4 86 0.031731795628231495
4 89 0.05424586292131847
4 90 0.05424586292131847
4 91 0.01426852832245043
4 92 0.02853705664490086
4 93 0.031731795628231495
4 94 0.031731795628231495
4 97 0.01426852832245043
4 100 0.031731795628231495
4 102 0.16273758876395542
4 104 0.01426852832245043
4 109 0.031731795628231495
4 112 0.031731795628231495
4 114 0.031731795628231495
4 120 0.031731795628231495
4 122 0.01426852832245043
4 130 0.05424586292131847
4 132 0.05424586292131847
4 134 0.031731795628231495
4 135 0.01426852832245043
4 140 0.05424586292131847
4 141 0.01426852832245043
4 144 0.031731795628231495
4 145 0.031731795628231495
4 146 0.05424586292131847
4 152 0.031731795628231495
4 155 0.031731795628231495
4 160 0.01426852832245043
4 162 0.031731795628231495
4 164 0.05424586292131847
4 165 0.04280558496735129
4 168 0.031731795628231495
4 170 0.01426852832245043
4 172 0.031731795628231495
4 173 0.01426852832245043
4 174 0.01426852832245043
4 175 0.031731795628231495
4 177 0.06346359125646299
4 178 0.031731795628231495
4 179 0.031731795628231495
4 180 0.031731795628231495
4 181 0.031731795628231495
4 182 0.031731795628231495
4 183 0.031731795628231495
4 184 0.031731795628231495
4 185 0.031731795628231495
4 186 0.01426852832245043
4 189 0.05424586292131847
4 196 0.05424586292131847
4 197 0.031731795628231495
4 208 0.08597765854954997
4 209 0.12692718251292598
4 210 0.08597765854954997
4 217 0.17195531709909995
4 218 0.37972104044922933
4 229 0.05424586292131847
4 235 0.08597765854954997
4 243 0.05424586292131847
4 245 0.031731795628231495
4 252 0.031731795628231495
4 253 0.05424586292131847
4 260 0.031731795628231495
4 266 0.2169834516852739
4 274 0.05424586292131847
4 275 0.08597765854954997
4 277 0.08597765854954997
4 278 0.05424586292131847
4 279 0.08597765854954997
4 280 0.05424586292131847
4 282 0.08597765854954997
4 283 0.05424586292131847
4 287 0.05424586292131847
4 288 0.05424586292131847
4 289 0.05424586292131847
4 291 0.08597765854954997
4 296 0.05424586292131847
4 300 0.08597765854954997
4 301 0.05424586292131847
4 302 0.05424586292131847
4 304 0.05424586292131847
4 305 0.05424586292131847
4 307 0.05424586292131847
4 308 0.05424586292131847
4 309 0.14022352147086845
4 310 0.14022352147086845
4 311 0.14022352147086845
4 312 0.14022352147086845
4 313 0.14022352147086845
4 314 0.08597765854954997
4 315 0.14022352147086845
4 316 0.14022352147086845
4 317 0.14022352147086845
4 318 0.14022352147086845
4 319 0.08597765854954997
4 320 0.14022352147086845
4 321 0.14022352147086845
4 322 0.14022352147086845
4 323 0.14022352147086845
4 324 0.08597765854954997
4 325 0.14022352147086845
4 326 0.14022352147086845
4 327 0.14022352147086845
4 328 0.14022352147086845
4 329 0.14022352147086845
4 330 0.14022352147086845
4 331 0.14022352147086845
4 332 0.14022352147086845
4 333 0.14022352147086845
4 334 0.14022352147086845
4 335 0.14022352147086845
4 336 0.08597765854954997
5 1 0.01098525207717229
5 2 0.005492626038586145
5 3 0.005492626038586145
5 4 0.005492626038586145
5 5 0.01221505701078401
5 6 0.01221505701078401
5 7 0.01098525207717229
5 9 0.005492626038586145
5 10 0.020881777884437014
5 12 0.01221505701078401
5 13 0.005492626038586145
5 15 0.020881777884437014
5 16 0.01221505701078401
5 17 0.020881777884437014
5 18 0.005492626038586145
5 19 0.020881777884437014
5 20 0.01221505701078401
5 22 0.005492626038586145
5 24 0.01221505701078401
5 25 0.01221505701078401
5 26 0.06264533365331104
5 28 0.005492626038586145
5 29 0.01221505701078401
5 30 0.005492626038586145
5 31 0.01221505701078401
5 32 0.01221505701078401
5 33 0.005492626038586145
5 35 0.005492626038586145
5 36 0.02443011402156802
5 39 0.005492626038586145
5 40 0.03309683489522103
5 43 0.005492626038586145
5 44 0.005492626038586145
5 45 0.020881777884437014
5 47 0.005492626038586145
5 49 0.01221505701078401
5 52 0.01098525207717229
5 53 0.01221505701078401
5 54 0.020881777884437014
5 55 0.01098525207717229
5 56 0.005492626038586145
5 61 0.005492626038586145
5 62 0.005492626038586145
5 63 0.005492626038586145
5 65 0.01221505701078401
5 66 0.005492626038586145
5 72 0.03309683489522103
5 74 0.01221505701078401
5 75 0.01221505701078401
5 77 0.005492626038586145
5 78 0.01221505701078401
5 80 0.01098525207717229
5 82 0.01221505701078401
5 83 0.005492626038586145
5 85 0.020881777884437014
5 86 0.01221505701078401
5 88 0.020881777884437014
5 91 0.01098525207717229
5 92 0.01098525207717229
5 93 0.01221505701078401
5 94 0.01221505701078401
5 97 0.005492626038586145
5 98 0.03309683489522103
5 100 0.01221505701078401
5 104 0.005492626038586145
5 105 0.020881777884437014
5 107 0.020881777884437014
5 108 0.04176355576887403
5 109 0.01221505701078401
5 112 0.02443011402156802
5 114 0.01221505701078401
5 120 0.01221505701078401
5 121 0.020881777884437014
5 122 0.005492626038586145
5 126 0.005492626038586145
5 129 0.02443011402156802
5 134 0.01221505701078401
5 135 0.005492626038586145
5 141 0.005492626038586145
5 144 0.01221505701078401
5 145 0.01221505701078401
5 148 0.020881777884437014
5 152 0.01221505701078401
5 153 0.02443011402156802
5 155 0.02443011402156802
5 156 0.06264533365331104
5 157 0.06264533365331104
5 159 0.020881777884437014
5 160 0.01098525207717229
5 162 0.01221505701078401
5 165 0.016477878115758435
5 166 0.020881777884437014
5 167 0.01221505701078401
5 168 0.01221505701078401
5 170 0.005492626038586145
5 172 0.01221505701078401
5 173 0.005492626038586145
5 174 0.005492626038586145
5 175 0.01221505701078401
5 177 0.036645171032352035
5 178 0.01221505701078401
5 179 0.01221505701078401
5 180 0.01221505701078401
5 181 0.01221505701078401
5 182 0.01221505701078401
5 183 0.01221505701078401
5 184 0.01221505701078401
5 185 0.01221505701078401
5 186 0.016477878115758435
5 189 0.04176355576887403
5 193 0.03309683489522103
5 194 0.020881777884437014
5 195 0.03309683489522103
5 196 0.04176355576887403
5 197 0.02443011402156802
5 199 0.03309683489522103
5 206 0.03309683489522103
5 209 0.14658068412940814
5 211 0.04176355576887403
5 214 0.03309683489522103
5 218 0.020881777884437014
5 223 0.03309683489522103
5 229 0.04176355576887403
5 243 0.06264533365331104
5 245 0.01221505701078401
5 250 0.03309683489522103
5 252 0.01221505701078401
5 253 0.04176355576887403
5 260 0.01221505701078401
5 266 0.08352711153774806
5 271 0.03309683489522103
5 274 0.020881777884437014
5 278 0.04176355576887403
5 280 0.020881777884437014
5 283 0.020881777884437014
5 287 0.020881777884437014
5 288 0.020881777884437014
5 289 0.020881777884437014
5 294 0.06619366979044206
5 295 0.03309683489522103
5 296 0.020881777884437014
5 301 0.020881777884437014
5 302 0.020881777884437014
5 304 0.020881777884437014
5 305 0.020881777884437014
5 307 0.020881777884437014
5 308 0.06264533365331104
5 314 0.09929050468566308
5 319 0.1323873395808841
5 324 0.03309683489522103
5 336 0.03309683489522103
5 337 0.053978612779658035
5 338 0.053978612779658035
5 339 0.053978612779658035
5 340 0.053978612779658035
5 341 0.053978612779658035
5 342 0.053978612779658035
5 343 0.053978612779658035
5 344 0.16193583833897413
5 345 0.053978612779658035
5 346 0.10795722555931607
5 347 0.053978612779658035
5 348 0.053978612779658035
5 349 0.053978612779658035
5 350 0.053978612779658035
5 351 0.053978612779658035
5 352 0.053978612779658035
5 353 0.10795722555931607
5 354 0.053978612779658035
5 355 0.053978612779658035
5 356 0.10795722555931607
5 357 0.053978612779658035
5 358 0.053978612779658035
5 359 0.053978612779658035
5 360 0.053978612779658035
5 361 0.053978612779658035
5 362 0.3778502894576063
5 363 0.053978612779658035
5 364 0.053978612779658035
5 365 0.10795722555931607
5 366 0.053978612779658035
5 367 0.053978612779658035
5 368 0.053978612779658035
5 369 0.053978612779658035
5 370 0.10795722555931607
5 371 0.053978612779658035
5 372 0.10795722555931607
5 373 0.16193583833897413
5 374 0.053978612779658035
5 375 0.10795722555931607
5 376 0.053978612779658035
5 377 0.053978612779658035
5 378 0.053978612779658035
5 379 0.053978612779658035
5 380 0.053978612779658035
5 381 0.053978612779658035
5 382 0.053978612779658035
5 383 0.10795722555931607
5 384 0.053978612779658035
5 385 0.053978612779658035
5 386 0.03309683489522103
5 387 0.053978612779658035
5 388 0.053978612779658035
5 389 0.053978612779658035
5 390 0.053978612779658035
5 391 0.10795722555931607
5 392 0.053978612779658035
5 393 0.053978612779658035
5 394 0.053978612779658035
5 395 0.053978612779658035
5 396 0.053978612779658035
5 397 0.053978612779658035
5 398 0.053978612779658035
5 399 0.053978612779658035
5 400 0.053978612779658035
5 401 0.053978612779658035
5 402 0.10795722555931607
5 403 0.053978612779658035
5 404 0.10795722555931607
5 405 0.053978612779658035
5 406 0.053978612779658035
5 407 0.053978612779658035
5 408 0.053978612779658035
5 409 0.053978612779658035
5 410 0.053978612779658035
5 411 0.053978612779658035
5 412 0.053978612779658035
5 413 0.053978612779658035
5 414 0.053978612779658035
5 415 0.053978612779658035
5 416 0.053978612779658035
5 417 0.053978612779658035
5 418 0.053978612779658035
5 419 0.053978612779658035
5 420 0.053978612779658035
5 421 0.053978612779658035
5 422 0.053978612779658035
5 423 0.053978612779658035
5 424 0.053978612779658035
5 425 0.053978612779658035
5 426 0.053978612779658035
5 427 0.053978612779658035
5 428 0.053978612779658035
5 429 0.10795722555931607
5 430 0.053978612779658035
5 431 0.053978612779658035
5 432 0.053978612779658035
5 433 0.16193583833897413
5 434 0.16193583833897413
5 435 0.053978612779658035
5 436 0.2698930638982902
5 437 0.053978612779658035
5 438 0.053978612779658035
5 439 0.053978612779658035
5 440 0.053978612779658035
5 441 0.053978612779658035
5 442 0.053978612779658035
5 443 0.10795722555931607
5 444 0.053978612779658035
5 445 0.053978612779658035
5 446 0.053978612779658035
5 447 0.053978612779658035
5 448 0.053978612779658035
5 449 0.053978612779658035
5 450 0.053978612779658035
5 451 0.053978612779658035
5 452 0.053978612779658035
5 453 0.053978612779658035
5 454 0.053978612779658035
5 455 0.053978612779658035
5 456 0.053978612779658035
5 457 0.053978612779658035
5 458 0.053978612779658035
5 459 0.053978612779658035
5 460 0.053978612779658035
5 461 0.053978612779658035
5 462 0.053978612779658035
5 463 0.10795722555931607
5 464 0.10795722555931607
5 465 0.10795722555931607
5 466 0.053978612779658035
5 467 0.053978612779658035
5 468 0.053978612779658035
5 469 0.10795722555931607
5 470 0.053978612779658035
5 471 0.053978612779658035
5 472 0.10795722555931607
5 473 0.10795722555931607
6 9 0.01940411388066864
6 89 0.07377025001409783
6 126 0.01940411388066864
6 141 0.00970205694033432
6 194 0.07377025001409783
6 209 0.04315282992707157
6 386 0.1169230799411694
6 474 0.28603999493290083
6 475 0.28603999493290083
6 476 0.09534666497763361
6 477 0.09534666497763361
6 478 0.09534666497763361
6 479 0.09534666497763361
6 480 0.19069332995526722
6 481 0.09534666497763361
6 482 0.19069332995526722
6 483 0.09534666497763361
6 484 0.19069332995526722
6 485 0.09534666497763361
6 486 0.09534666497763361
6 487 0.09534666497763361
6 488 0.09534666497763361
6 489 0.28603999493290083
6 490 0.09534666497763361
6 491 0.09534666497763361
6 492 0.09534666497763361
6 493 0.09534666497763361
6 494 0.09534666497763361
6 495 0.47673332488816805
6 496 0.28603999493290083
6 497 0.09534666497763361
6 498 0.19069332995526722
6 499 0.09534666497763361
6 500 0.09534666497763361
6 501 0.19069332995526722
6 502 0.19069332995526722
6 503 0.19069332995526722
